Iteration : 2
Average   : -1.56055
Max Val   : -0.73296
Min Val   : -3.15501
Start     : 0.00500
Finish    : 0.01000
Gradient  : -6.29394
Grad Label: bneg  

