Iteration : 1
Average   : -1.54370
Max Val   : -1.50165
Min Val   : -1.58575
Start     : 0.00000
Finish    : 0.00500
Gradient  : -16.82023
Grad Label: mneg  

