0 -0.0025 -0.991463 0.42957 -0.00079898 1 0 0.737393 0.000589163 -0.675463 -0.675463 -0.000539682 -0.737394
0.001 -0.0025 -0.991464 0.429566 -0.000799003 1 -5.37773e-10 0.737394 0.00058918 -0.675462 -0.675462 -0.000539697 -0.737395
0.002 -0.00249999 -0.991468 0.429556 -0.000799055 1 -1.79263e-09 0.737396 0.000589219 -0.67546 -0.67546 -0.000539731 -0.737396
0.003 -0.00249988 -0.991589 0.429608 -0.000800488 1 -4.4103e-08 0.737684 0.000590478 -0.675146 -0.675146 -0.000540479 -0.737684
0.004 -0.00249972 -0.991761 0.429688 -0.000801667 1 -5.95241e-07 0.738099 0.000591308 -0.674692 -0.674692 -0.000541318 -0.738099
0.005 -0.0024996 -0.991906 0.429777 -0.000799623 1 -2.88046e-06 0.738508 0.000588586 -0.674244 -0.674244 -0.000541269 -0.738508
0.006 -0.00249956 -0.991987 0.429877 -0.000791535 1 -8.30577e-06 0.73887 0.000579245 -0.673848 -0.673847 -0.000539511 -0.73887
0.007 -0.00249958 -0.991997 0.429985 -0.000775227 1 -1.80668e-05 0.739171 0.000560857 -0.673517 -0.673517 -0.000535483 -0.739171
0.008 -0.00249956 -0.991944 0.430102 -0.000749299 1 -3.30491e-05 0.739414 0.000531792 -0.673251 -0.673251 -0.000528904 -0.739414
0.009 -0.00249933 -0.991844 0.430225 -0.000713019 1 -5.38593e-05 0.739606 0.000491104 -0.67304 -0.67304 -0.000519725 -0.739606
0.01 -0.00249867 -0.991713 0.430351 -0.000666109 1 -8.09162e-05 0.739758 0.000438313 -0.672873 -0.672873 -0.000508065 -0.739758
0.011 -0.00249733 -0.991567 0.430478 -0.000608541 1 -0.000114545 0.739879 0.000373188 -0.67274 -0.67274 -0.000494139 -0.739879
0.012 -0.00249502 -0.991419 0.430606 -0.000540403 1 -0.000155037 0.739977 0.000295602 -0.672633 -0.672632 -0.000478216 -0.739977
0.013 -0.0024915 -0.991277 0.430732 -0.000461845 1 -0.000202667 0.740056 0.000205488 -0.672546 -0.672546 -0.000460597 -0.740056
0.014 -0.00248662 -0.991145 0.430855 -0.000373099 1 -0.000257677 0.740119 0.000102856 -0.672476 -0.672476 -0.000441612 -0.740119
0.015 -0.00248035 -0.991028 0.430976 -0.00027451 1 -0.000320245 0.740169 -1.21558e-05 -0.672421 -0.672421 -0.000421622 -0.740169
0.016 -0.00247279 -0.990925 0.431093 -0.000166561 1 -0.000390473 0.740205 -0.000139258 -0.672382 -0.672382 -0.000401022 -0.740205
0.017 -0.00246416 -0.990838 0.431206 -4.98554e-05 1 -0.000468388 0.740227 -0.000278019 -0.672357 -0.672357 -0.000380234 -0.740227
0.018 -0.00245468 -0.990764 0.431316 7.49294e-05 1 -0.000553971 0.740236 -0.000427926 -0.672347 -0.672347 -0.000359691 -0.740236
0.019 -0.00244457 -0.990702 0.431423 0.00020711 1 -0.000647188 0.740231 -0.000588448 -0.672352 -0.672352 -0.000339818 -0.740231
0.02 -0.00243399 -0.990652 0.431525 0.000346051 1 -0.000748017 0.740212 -0.000759098 -0.672373 -0.672373 -0.000321016 -0.740212
0.021 -0.002423 -0.990611 0.431625 0.000491194 1 -0.000856465 0.740179 -0.000939467 -0.672409 -0.67241 -0.000303654 -0.740179
0.022 -0.00241162 -0.990579 0.431721 0.000642058 0.999999 -0.000972565 0.740133 -0.00112922 -0.67246 -0.672461 -0.000288069 -0.740133
0.023 -0.00239985 -0.990554 0.431813 0.000798223 0.999999 -0.00109636 0.740074 -0.00132808 -0.672525 -0.672525 -0.000274566 -0.740074
0.024 -0.00238767 -0.990535 0.431902 0.000959306 0.999999 -0.00122791 0.740003 -0.00153578 -0.672602 -0.672603 -0.000263423 -0.740003
0.025 -0.00237515 -0.990522 0.431989 0.00112495 0.999998 -0.00136723 0.739921 -0.0017521 -0.672692 -0.672693 -0.000254898 -0.739922
0.026 -0.00236234 -0.990514 0.432072 0.00129481 0.999998 -0.00151436 0.739829 -0.00197679 -0.672792 -0.672793 -0.000249227 -0.73983
0.027 -0.00234935 -0.990509 0.432153 0.0014686 0.999998 -0.00166932 0.73973 -0.00220966 -0.6729 -0.672902 -0.000246621 -0.739731
0.028 -0.00233627 -0.990508 0.432232 0.00164605 0.999997 -0.00183213 0.739623 -0.00245052 -0.673017 -0.673019 -0.000247261 -0.739625
0.029 -0.00232315 -0.990509 0.432308 0.00182698 0.999996 -0.00200283 0.739511 -0.00269926 -0.673139 -0.673142 -0.0002513 -0.739513
0.03 -0.00231004 -0.990511 0.432382 0.00201125 0.999996 -0.00218147 0.739395 -0.00295583 -0.673265 -0.673269 -0.000258862 -0.739398
0.031 -0.00229697 -0.990515 0.432454 0.00219877 0.999995 -0.0023681 0.739276 -0.00322018 -0.673395 -0.673399 -0.00027004 -0.739279
0.032 -0.00228394 -0.990519 0.432524 0.00238949 0.999994 -0.00256277 0.739156 -0.00349232 -0.673525 -0.67353 -0.000284906 -0.73916
0.033 -0.00227095 -0.990523 0.432592 0.0025834 0.999993 -0.00276555 0.739035 -0.00377228 -0.673656 -0.673662 -0.000303513 -0.73904
0.034 -0.00225804 -0.990527 0.432659 0.00278049 0.999992 -0.00297645 0.738916 -0.00406007 -0.673785 -0.673792 -0.000325896 -0.738921
0.035 -0.00224522 -0.990529 0.432724 0.00298076 0.99999 -0.00319551 0.738799 -0.00435571 -0.673912 -0.673919 -0.000352072 -0.738805
0.036 -0.00223253 -0.990529 0.432787 0.00318424 0.999989 -0.00342275 0.738685 -0.00465925 -0.674035 -0.674043 -0.000382046 -0.738692
0.037 -0.00222001 -0.990528 0.432849 0.00339098 0.999988 -0.00365818 0.738575 -0.00497072 -0.674152 -0.674162 -0.000415803 -0.738583
0.038 -0.00220768 -0.990524 0.43291 0.00360104 0.999986 -0.0039018 0.738471 -0.00529019 -0.674264 -0.674275 -0.000453314 -0.73848
0.039 -0.00219556 -0.990516 0.432969 0.00381453 0.999984 -0.00415364 0.738373 -0.00561772 -0.674369 -0.674382 -0.000494535 -0.738383
0.04 -0.00218368 -0.990506 0.433026 0.00403154 0.999982 -0.00441369 0.738281 -0.0059534 -0.674466 -0.674481 -0.000539407 -0.738292
0.041 -0.00217203 -0.990492 0.433083 0.00425219 0.99998 -0.00468195 0.738197 -0.00629732 -0.674555 -0.674571 -0.000587861 -0.738209
0.042 -0.00216065 -0.990475 0.433137 0.00447662 0.999978 -0.0049584 0.738121 -0.00664954 -0.674635 -0.674653 -0.000639819 -0.738135
0.043 -0.00214955 -0.990454 0.43319 0.00470493 0.999975 -0.00524303 0.738054 -0.00701017 -0.674705 -0.674725 -0.000695194 -0.738069
0.044 -0.00213875 -0.990428 0.433241 0.00493728 0.999972 -0.00553581 0.737995 -0.00737927 -0.674766 -0.674788 -0.000753891 -0.738011
0.045 -0.00212827 -0.990399 0.433291 0.0051738 0.99997 -0.0058367 0.737946 -0.00775692 -0.674816 -0.67484 -0.000815809 -0.737963
0.046 -0.00211814 -0.990365 0.433338 0.00541463 0.999966 -0.00614568 0.737906 -0.0081432 -0.674855 -0.674882 -0.000880842 -0.737925
0.047 -0.00210838 -0.990327 0.433383 0.00565992 0.999963 -0.00646269 0.737875 -0.00853819 -0.674883 -0.674914 -0.000948876 -0.737896
0.048 -0.00209899 -0.990285 0.433426 0.00590981 0.999959 -0.0067877 0.737854 -0.00894197 -0.674901 -0.674934 -0.00101979 -0.737877
0.049 -0.00209001 -0.990239 0.433466 0.00616448 0.999956 -0.00712066 0.737843 -0.00935462 -0.674908 -0.674944 -0.00109347 -0.737868
0.05 -0.00208143 -0.990189 0.433504 0.00642407 0.999952 -0.00746151 0.737841 -0.00977622 -0.674904 -0.674944 -0.00116978 -0.737868
0.051 -0.00207327 -0.990135 0.433538 0.00668874 0.999947 -0.00781021 0.737849 -0.0102068 -0.674888 -0.674932 -0.0012486 -0.737878
0.052 -0.00206555 -0.990077 0.43357 0.00695864 0.999942 -0.0081667 0.737867 -0.0106466 -0.674862 -0.674911 -0.00132981 -0.737898
0.053 -0.00205828 -0.990015 0.433598 0.00723392 0.999937 -0.00853092 0.737893 -0.0110954 -0.674826 -0.674878 -0.00141328 -0.737928
0.054 -0.00205148 -0.98995 0.433623 0.00751472 0.999932 -0.00890282 0.737929 -0.0115535 -0.674779 -0.674836 -0.00149888 -0.737966
0.055 -0.00204515 -0.989881 0.433644 0.00780118 0.999926 -0.00928233 0.737974 -0.0120209 -0.674722 -0.674784 -0.00158649 -0.738014
0.056 -0.0020393 -0.989809 0.433661 0.00809344 0.99992 -0.00966939 0.738028 -0.0124977 -0.674655 -0.674722 -0.001676 -0.73807
0.057 -0.00203395 -0.989733 0.433674 0.00839163 0.999914 -0.0100639 0.738089 -0.0129838 -0.674578 -0.674651 -0.00176728 -0.738135
0.058 -0.00202909 -0.989655 0.433683 0.00869587 0.999907 -0.0104659 0.738159 -0.0134794 -0.674492 -0.67457 -0.00186022 -0.738208
0.059 -0.00202474 -0.989574 0.433687 0.0090063 0.9999 -0.0108753 0.738237 -0.0139844 -0.674396 -0.674481 -0.00195472 -0.73829
0.06 -0.0020209 -0.98949 0.433687 0.00932301 0.999893 -0.0112919 0.738323 -0.014499 -0.674292 -0.674383 -0.00205067 -0.738379
0.061 -0.00201757 -0.989404 0.433681 0.00964612 0.999885 -0.0117159 0.738415 -0.0150232 -0.674179 -0.674277 -0.00214798 -0.738475
0.062 -0.00201475 -0.989315 0.433671 0.00997572 0.999876 -0.012147 0.738515 -0.0155569 -0.674057 -0.674163 -0.00224655 -0.738579
0.063 -0.00201245 -0.989225 0.433656 0.0103119 0.999868 -0.0125853 0.738622 -0.0161003 -0.673928 -0.674041 -0.0023463 -0.73869
0.064 -0.00201067 -0.989132 0.433635 0.0106547 0.999858 -0.0130306 0.738735 -0.0166533 -0.67379 -0.673912 -0.00244716 -0.738808
0.065 -0.0020094 -0.989037 0.433609 0.0110043 0.999849 -0.0134831 0.738854 -0.0172159 -0.673645 -0.673775 -0.00254905 -0.738932
0.066 -0.00200865 -0.988941 0.433578 0.0113606 0.999838 -0.0139425 0.73898 -0.0177883 -0.673493 -0.673632 -0.00265192 -0.739062
0.067 -0.0020084 -0.988843 0.43354 0.0117238 0.999827 -0.0144088 0.739111 -0.0183702 -0.673333 -0.673481 -0.00275572 -0.739199
0.068 -0.00200866 -0.988743 0.433498 0.0120938 0.999816 -0.014882 0.739248 -0.0189619 -0.673166 -0.673324 -0.00286039 -0.739342
0.069 -0.00200942 -0.988642 0.433449 0.0124708 0.999804 -0.0153622 0.739391 -0.0195632 -0.672992 -0.673161 -0.0029659 -0.73949
0.07 -0.00201068 -0.98854 0.433395 0.0128547 0.999792 -0.0158491 0.739539 -0.0201742 -0.672812 -0.672991 -0.00307222 -0.739644
0.071 -0.00201241 -0.988436 0.433335 0.0132456 0.999779 -0.0163428 0.739692 -0.0207948 -0.672624 -0.672815 -0.00317934 -0.739804
0.072 -0.00201463 -0.988331 0.433269 0.0136434 0.999765 -0.0168433 0.73985 -0.0214251 -0.672431 -0.672634 -0.00328723 -0.739968
0.073 -0.0020173 -0.988225 0.433197 0.0140483 0.999751 -0.0173505 0.740013 -0.0220649 -0.672231 -0.672446 -0.00339589 -0.740139
0.074 -0.00202044 -0.988117 0.433119 0.0144601 0.999736 -0.0178643 0.740181 -0.0227143 -0.672024 -0.672252 -0.00350532 -0.740314
0.075 -0.00202402 -0.988009 0.433035 0.0148788 0.99972 -0.0183849 0.740354 -0.0233733 -0.671811 -0.672053 -0.00361554 -0.740494
0.076 -0.00202803 -0.987899 0.432946 0.0153046 0.999704 -0.0189121 0.740531 -0.0240418 -0.671592 -0.671848 -0.00372655 -0.74068
0.077 -0.00203246 -0.987788 0.432851 0.0157372 0.999687 -0.0194459 0.740713 -0.0247198 -0.671366 -0.671637 -0.00383838 -0.74087
0.078 -0.00203729 -0.987676 0.43275 0.0161767 0.999669 -0.0199863 0.7409 -0.0254072 -0.671135 -0.671421 -0.00395106 -0.741066
0.079 -0.00204251 -0.987563 0.432643 0.0166231 0.999651 -0.0205332 0.741091 -0.026104 -0.670897 -0.671199 -0.00406461 -0.741267
0.08 -0.0020481 -0.987448 0.432531 0.0170763 0.999632 -0.0210868 0.741287 -0.0268102 -0.670652 -0.670971 -0.00417909 -0.741472
0.081 -0.00205405 -0.987333 0.432414 0.0175363 0.999612 -0.0216469 0.741488 -0.0275258 -0.670402 -0.670737 -0.00429452 -0.741682
0.082 -0.00206034 -0.987216 0.432291 0.018003 0.999591 -0.0222135 0.741693 -0.0282506 -0.670145 -0.670498 -0.00441097 -0.741898
0.083 -0.00206695 -0.987098 0.432162 0.0184765 0.99957 -0.0227867 0.741902 -0.0289846 -0.669882 -0.670254 -0.00452847 -0.742118
0.084 -0.00207387 -0.986978 0.432029 0.0189565 0.999547 -0.0233664 0.742116 -0.0297278 -0.669612 -0.670003 -0.00464709 -0.742343
0.085 -0.00208107 -0.986857 0.43189 0.0194431 0.999524 -0.0239526 0.742334 -0.0304802 -0.669336 -0.669747 -0.00476687 -0.742574
0.086 -0.00208853 -0.986735 0.431747 0.0199363 0.9995 -0.0245453 0.742557 -0.0312416 -0.669053 -0.669486 -0.00488788 -0.742809
0.087 -0.00209625 -0.986611 0.431598 0.0204359 0.999475 -0.0251445 0.742785 -0.0320121 -0.668765 -0.669218 -0.00501019 -0.743049
0.088 -0.00210419 -0.986486 0.431445 0.0209419 0.999449 -0.0257502 0.743017 -0.0327915 -0.668469 -0.668945 -0.00513384 -0.743294
0.089 -0.00211233 -0.98636 0.431287 0.0214543 0.999422 -0.0263624 0.743253 -0.0335799 -0.668167 -0.668667 -0.0052589 -0.743544
0.09 -0.00212067 -0.986231 0.431125 0.021973 0.999394 -0.0269811 0.743493 -0.0343771 -0.667859 -0.668382 -0.00538543 -0.743799
0.091 -0.00212917 -0.986102 0.430958 0.0224979 0.999366 -0.0276062 0.743738 -0.0351832 -0.667544 -0.668092 -0.00551349 -0.744058
0.092 -0.00213782 -0.98597 0.430787 0.023029 0.999336 -0.0282378 0.743988 -0.0359981 -0.667223 -0.667796 -0.00564315 -0.744323
0.093 -0.00214659 -0.985837 0.430613 0.0235662 0.999305 -0.0288759 0.744241 -0.0368217 -0.666895 -0.667495 -0.00577447 -0.744592
0.094 -0.00215547 -0.985703 0.430434 0.0241095 0.999273 -0.0295204 0.744499 -0.037654 -0.666561 -0.667188 -0.00590749 -0.744866
0.095 -0.00216444 -0.985566 0.430251 0.0246588 0.999241 -0.0301713 0.744761 -0.0384949 -0.66622 -0.666875 -0.00604227 -0.745145
0.096 -0.00217347 -0.985428 0.430065 0.0252141 0.999207 -0.0308287 0.745027 -0.0393444 -0.665873 -0.666558 -0.00617887 -0.745428
0.097 -0.00218255 -0.985289 0.429876 0.0257752 0.999172 -0.0314925 0.745297 -0.0402024 -0.665519 -0.666234 -0.00631734 -0.745716
0.098 -0.00219166 -0.985147 0.429683 0.0263423 0.999135 -0.0321627 0.745571 -0.0410689 -0.66516 -0.665906 -0.00645772 -0.746008
0.099 -0.00220077 -0.985004 0.429487 0.0269152 0.999098 -0.0328393 0.745848 -0.0419439 -0.664794 -0.665572 -0.00660006 -0.746305
0.1 -0.00220987 -0.984859 0.429288 0.0274939 0.99906 -0.0335222 0.74613 -0.0428272 -0.664422 -0.665233 -0.00674439 -0.746606
0.101 -0.00221894 -0.984712 0.429086 0.0280784 0.99902 -0.0342116 0.746415 -0.0437189 -0.664044 -0.664889 -0.00689075 -0.746911
0.102 -0.00222797 -0.984563 0.428882 0.0286685 0.998979 -0.0349072 0.746703 -0.0446189 -0.66366 -0.66454 -0.00703918 -0.74722
0.103 -0.00223692 -0.984413 0.428674 0.0292644 0.998937 -0.0356092 0.746994 -0.0455272 -0.66327 -0.664186 -0.00718971 -0.747533
0.104 -0.00224579 -0.984261 0.428465 0.0298659 0.998894 -0.0363175 0.747289 -0.0464437 -0.662874 -0.663828 -0.00734235 -0.74785
0.105 -0.00225456 -0.984107 0.428253 0.030473 0.998849 -0.037032 0.747587 -0.0473684 -0.662473 -0.663465 -0.00749712 -0.74817
0.106 -0.00226322 -0.983952 0.428039 0.0310857 0.998803 -0.0377528 0.747887 -0.0483013 -0.662066 -0.663098 -0.00765405 -0.748494
0.107 -0.00227174 -0.983794 0.427823 0.031704 0.998756 -0.0384798 0.74819 -0.0492422 -0.661654 -0.662726 -0.00781314 -0.748821
0.108 -0.00228011 -0.983636 0.427605 0.0323279 0.998708 -0.039213 0.748496 -0.0501913 -0.661237 -0.662351 -0.00797441 -0.749152
0.109 -0.00228832 -0.983475 0.427385 0.0329573 0.998658 -0.0399524 0.748804 -0.0511484 -0.660815 -0.661971 -0.00813785 -0.749485
0.11 -0.00229635 -0.983313 0.427164 0.0335923 0.998607 -0.0406979 0.749115 -0.0521135 -0.660387 -0.661588 -0.00830346 -0.749821
0.111 -0.00230419 -0.983149 0.426941 0.0342328 0.998554 -0.0414495 0.749427 -0.0530866 -0.659955 -0.661202 -0.00847125 -0.75016
0.112 -0.00231183 -0.982984 0.426717 0.0348788 0.9985 -0.0422072 0.749741 -0.0540676 -0.659519 -0.660812 -0.0086412 -0.750502
0.113 -0.00231925 -0.982817 0.426492 0.0355304 0.998444 -0.0429709 0.750057 -0.0550566 -0.659078 -0.660418 -0.0088133 -0.750846
0.114 -0.00232645 -0.982648 0.426265 0.0361875 0.998387 -0.0437405 0.750374 -0.0560535 -0.658633 -0.660022 -0.00898753 -0.751192
0.115 -0.00233341 -0.982479 0.426038 0.03685 0.998329 -0.0445162 0.750693 -0.0570582 -0.658183 -0.659623 -0.00916389 -0.751541
0.116 -0.00234012 -0.982307 0.42581 0.0375182 0.998269 -0.0452977 0.751012 -0.0580708 -0.65773 -0.659221 -0.00934233 -0.751891
0.117 -0.00234658 -0.982134 0.425581 0.0381918 0.998207 -0.0460851 0.751333 -0.0590912 -0.657272 -0.658817 -0.00952285 -0.752243
0.118 -0.00235277 -0.98196 0.425351 0.038871 0.998144 -0.0468784 0.751655 -0.0601194 -0.656811 -0.658411 -0.00970542 -0.752596
0.119 -0.00235868 -0.981785 0.425121 0.0395557 0.998079 -0.0476774 0.751977 -0.0611554 -0.656347 -0.658002 -0.00989 -0.752951
0.12 -0.00236432 -0.981608 0.424891 0.040246 0.998013 -0.0484822 0.752299 -0.0621991 -0.655879 -0.657591 -0.0100766 -0.753308
0.121 -0.00236967 -0.98143 0.42466 0.0409419 0.997945 -0.0492926 0.752622 -0.0632506 -0.655408 -0.657179 -0.0102651 -0.753665
0.122 -0.00237473 -0.981251 0.42443 0.0416434 0.997875 -0.0501088 0.752945 -0.0643097 -0.654934 -0.656764 -0.0104555 -0.754023
0.123 -0.00237948 -0.98107 0.424199 0.0423505 0.997804 -0.0509305 0.753268 -0.0653766 -0.654456 -0.656349 -0.0106478 -0.754383
0.124 -0.00238394 -0.980888 0.423968 0.0430632 0.997731 -0.0517578 0.753591 -0.0664512 -0.653976 -0.655932 -0.010842 -0.754742
0.125 -0.00238808 -0.980706 0.423737 0.0437815 0.997656 -0.0525907 0.753913 -0.0675334 -0.653493 -0.655513 -0.0110379 -0.755103
0.126 -0.00239192 -0.980521 0.423507 0.0445055 0.997579 -0.053429 0.754236 -0.0686233 -0.653008 -0.655094 -0.0112356 -0.755464
0.127 -0.00239544 -0.980336 0.423277 0.0452352 0.997501 -0.0542728 0.754557 -0.0697208 -0.65252 -0.654674 -0.011435 -0.755825
0.128 -0.00239865 -0.98015 0.423048 0.0459706 0.997421 -0.0551219 0.754878 -0.070826 -0.65203 -0.654252 -0.0116361 -0.756187
0.129 -0.00240155 -0.979963 0.422819 0.0467117 0.997339 -0.0559765 0.755198 -0.0719388 -0.651538 -0.653831 -0.0118389 -0.756548
0.13 -0.00240412 -0.979774 0.42259 0.0474585 0.997255 -0.0568363 0.755517 -0.0730591 -0.651043 -0.653408 -0.0120432 -0.75691
0.131 -0.00240638 -0.979585 0.422363 0.0482111 0.997169 -0.0577014 0.755835 -0.0741871 -0.650546 -0.652985 -0.0122491 -0.757272
0.132 -0.00240832 -0.979395 0.422136 0.0489695 0.997081 -0.0585717 0.756151 -0.0753226 -0.650047 -0.652562 -0.0124566 -0.757633
0.133 -0.00240994 -0.979203 0.42191 0.0497337 0.996992 -0.0594472 0.756467 -0.0764657 -0.649547 -0.652138 -0.0126655 -0.757994
0.134 -0.00241125 -0.979011 0.421685 0.0505038 0.9969 -0.0603279 0.756781 -0.0776163 -0.649044 -0.651715 -0.0128758 -0.758355
0.135 -0.00241225 -0.978818 0.42146 0.0512797 0.996807 -0.0612136 0.757093 -0.0787745 -0.64854 -0.651291 -0.0130875 -0.758715
0.136 -0.00241293 -0.978624 0.421237 0.0520614 0.996711 -0.0621044 0.757405 -0.0799403 -0.648034 -0.650867 -0.0133006 -0.759075
0.137 -0.00241331 -0.978428 0.421016 0.0528491 0.996613 -0.0630003 0.757714 -0.0811135 -0.647526 -0.650443 -0.0135151 -0.759435
0.138 -0.00241339 -0.978232 0.420795 0.0536426 0.996513 -0.0639011 0.758022 -0.0822943 -0.647017 -0.65002 -0.0137308 -0.759793
0.139 -0.00241316 -0.978035 0.420575 0.0544421 0.996412 -0.0648069 0.758328 -0.0834826 -0.646506 -0.649596 -0.0139478 -0.760152
0.14 -0.00241264 -0.977838 0.420357 0.0552475 0.996308 -0.0657176 0.758632 -0.0846784 -0.645993 -0.649173 -0.014166 -0.760509
0.141 -0.00241182 -0.977639 0.42014 0.0560589 0.996201 -0.0666332 0.758934 -0.0858816 -0.645479 -0.64875 -0.0143854 -0.760866
0.142 -0.00241072 -0.977439 0.419925 0.0568763 0.996093 -0.0675537 0.759234 -0.0870924 -0.644964 -0.648327 -0.0146059 -0.761222
0.143 -0.00240934 -0.977239 0.419711 0.0576997 0.995983 -0.0684789 0.759533 -0.0883106 -0.644446 -0.647905 -0.0148276 -0.761577
0.144 -0.00240769 -0.977037 0.419498 0.0585291 0.99587 -0.069409 0.759829 -0.0895363 -0.643928 -0.647483 -0.0150504 -0.761931
0.145 -0.00240576 -0.976835 0.419287 0.0593645 0.995755 -0.0703438 0.760123 -0.0907694 -0.643408 -0.647061 -0.0152743 -0.762285
0.146 -0.00240358 -0.976632 0.419077 0.060206 0.995637 -0.0712833 0.760416 -0.09201 -0.642886 -0.64664 -0.0154993 -0.762638
0.147 -0.00240113 -0.976428 0.418869 0.0610535 0.995518 -0.0722275 0.760706 -0.093258 -0.642363 -0.646219 -0.0157253 -0.76299
0.148 -0.00239844 -0.976223 0.418662 0.0619071 0.995396 -0.0731763 0.760993 -0.0945134 -0.641838 -0.645799 -0.0159524 -0.763341
0.149 -0.00239551 -0.976018 0.418457 0.0627667 0.995271 -0.0741298 0.761279 -0.0957762 -0.641312 -0.645379 -0.0161804 -0.763691
0.15 -0.00239234 -0.975811 0.418253 0.0636325 0.995145 -0.0750879 0.761563 -0.0970465 -0.640784 -0.64496 -0.0164095 -0.76404
0.151 -0.00238895 -0.975604 0.418051 0.0645043 0.995015 -0.0760506 0.761844 -0.0983241 -0.640255 -0.644541 -0.0166395 -0.764389
0.152 -0.00238534 -0.975396 0.41785 0.0653822 0.994884 -0.0770179 0.762123 -0.0996091 -0.639724 -0.644122 -0.0168705 -0.764736
0.153 -0.00238152 -0.975187 0.417651 0.0662663 0.994749 -0.0779896 0.7624 -0.100901 -0.639191 -0.643704 -0.0171025 -0.765083
0.154 -0.0023775 -0.974977 0.417454 0.0671564 0.994613 -0.0789659 0.762674 -0.102201 -0.638657 -0.643287 -0.0173354 -0.765429
0.155 -0.00237328 -0.974766 0.417257 0.0680527 0.994473 -0.0799466 0.762947 -0.103508 -0.638121 -0.642869 -0.0175692 -0.765774
0.156 -0.00236888 -0.974555 0.417063 0.068955 0.994332 -0.0809318 0.763217 -0.104823 -0.637583 -0.642452 -0.017804 -0.766119
0.157 -0.0023643 -0.974343 0.41687 0.0698635 0.994187 -0.0819215 0.763485 -0.106144 -0.637043 -0.642036 -0.0180397 -0.766463
0.158 -0.00235955 -0.974129 0.416678 0.0707782 0.99404 -0.0829155 0.763751 -0.107473 -0.636501 -0.641619 -0.0182764 -0.766806
0.159 -0.00235464 -0.973915 0.416487 0.0716989 0.99389 -0.0839139 0.764014 -0.10881 -0.635958 -0.641203 -0.0185139 -0.767148
0.16 -0.00234958 -0.973701 0.416298 0.0726258 0.993738 -0.0849167 0.764276 -0.110153 -0.635412 -0.640787 -0.0187524 -0.76749
0.161 -0.00234438 -0.973485 0.41611 0.0735588 0.993583 -0.0859237 0.764535 -0.111504 -0.634864 -0.640371 -0.0189919 -0.767831
0.162 -0.00233904 -0.973268 0.415924 0.0744979 0.993425 -0.0869352 0.764792 -0.112862 -0.634314 -0.639955 -0.0192322 -0.768172
0.163 -0.00233358 -0.973051 0.415739 0.0754432 0.993264 -0.0879509 0.765048 -0.114227 -0.633762 -0.639539 -0.0194735 -0.768512
0.164 -0.002328 -0.972833 0.415554 0.0763946 0.9931 -0.0889708 0.765301 -0.115599 -0.633208 -0.639124 -0.0197158 -0.768851
0.165 -0.00232231 -0.972613 0.415371 0.0773521 0.992934 -0.089995 0.765551 -0.116979 -0.632651 -0.638708 -0.0199589 -0.769191
0.166 -0.00231652 -0.972393 0.415189 0.0783158 0.992765 -0.0910234 0.7658 -0.118366 -0.632091 -0.638292 -0.0202031 -0.769529
0.167 -0.00231064 -0.972173 0.415008 0.0792855 0.992592 -0.092056 0.766047 -0.11976 -0.631529 -0.637875 -0.0204482 -0.769868
0.168 -0.00230467 -0.971951 0.414828 0.0802614 0.992417 -0.0930928 0.766292 -0.121161 -0.630964 -0.637459 -0.0206942 -0.770206
0.169 -0.00229862 -0.971728 0.414649 0.0812434 0.992239 -0.0941338 0.766536 -0.122569 -0.630397 -0.637042 -0.0209413 -0.770544
0.17 -0.00229251 -0.971505 0.41447 0.0822315 0.992058 -0.0951788 0.766777 -0.123984 -0.629826 -0.636625 -0.0211893 -0.770882
0.171 -0.00228633 -0.97128 0.414293 0.0832258 0.991874 -0.096228 0.767016 -0.125406 -0.629253 -0.636207 -0.0214384 -0.77122
0.172 -0.0022801 -0.971055 0.414116 0.0842261 0.991687 -0.0972812 0.767254 -0.126836 -0.628676 -0.635789 -0.0216884 -0.771558
0.173 -0.00227382 -0.970829 0.413939 0.0852325 0.991496 -0.0983385 0.76749 -0.128272 -0.628097 -0.63537 -0.0219395 -0.771896
0.174 -0.00226749 -0.970602 0.413763 0.0862451 0.991303 -0.0993998 0.767724 -0.129715 -0.627514 -0.63495 -0.0221916 -0.772235
0.175 -0.00226114 -0.970374 0.413587 0.0872637 0.991106 -0.100465 0.767957 -0.131166 -0.626927 -0.634529 -0.0224448 -0.772573
0.176 -0.00225475 -0.970145 0.413412 0.0882885 0.990907 -0.101534 0.768188 -0.132623 -0.626337 -0.634108 -0.0226991 -0.772911
0.177 -0.00224834 -0.969915 0.413237 0.0893193 0.990704 -0.102608 0.768417 -0.134087 -0.625744 -0.633685 -0.0229544 -0.77325
0.178 -0.00224191 -0.969685 0.413062 0.0903562 0.990497 -0.103685 0.768645 -0.135558 -0.625147 -0.633261 -0.0232109 -0.77359
0.179 -0.00223548 -0.969453 0.412887 0.0913992 0.990288 -0.104766 0.768872 -0.137036 -0.624545 -0.632837 -0.0234684 -0.77393
0.18 -0.00222903 -0.969221 0.412713 0.0924483 0.990075 -0.105851 0.769097 -0.138521 -0.62394 -0.63241 -0.0237271 -0.77427
0.181 -0.00222258 -0.968987 0.412538 0.0935035 0.989859 -0.106939 0.769321 -0.140013 -0.623331 -0.631983 -0.023987 -0.774611
0.182 -0.00221614 -0.968753 0.412363 0.0945648 0.98964 -0.108032 0.769544 -0.141511 -0.622718 -0.631554 -0.024248 -0.774953
0.183 -0.0022097 -0.968517 0.412188 0.0956322 0.989417 -0.109128 0.769765 -0.143016 -0.6221 -0.631123 -0.0245102 -0.775295
0.184 -0.00220328 -0.968281 0.412012 0.0967056 0.98919 -0.110228 0.769985 -0.144529 -0.621478 -0.630691 -0.0247737 -0.775639
0.185 -0.00219687 -0.968043 0.411836 0.0977851 0.988961 -0.111332 0.770204 -0.146047 -0.620851 -0.630257 -0.0250383 -0.775983
0.186 -0.00219047 -0.967805 0.411659 0.0988707 0.988727 -0.112439 0.770422 -0.147573 -0.620219 -0.629821 -0.0253042 -0.776328
0.187 -0.0021841 -0.967566 0.411482 0.0999624 0.988491 -0.11355 0.770639 -0.149105 -0.619583 -0.629383 -0.0255714 -0.776675
0.188 -0.00217775 -0.967325 0.411304 0.10106 0.98825 -0.114665 0.770855 -0.150644 -0.618942 -0.628943 -0.0258399 -0.777022
0.189 -0.00217143 -0.967084 0.411126 0.102164 0.988006 -0.115783 0.77107 -0.152189 -0.618295 -0.628501 -0.0261096 -0.777371
0.19 -0.00216513 -0.966842 0.410946 0.103274 0.987759 -0.116905 0.771285 -0.153741 -0.617644 -0.628056 -0.0263807 -0.777721
0.191 -0.00215887 -0.966598 0.410766 0.10439 0.987508 -0.118031 0.771498 -0.1553 -0.616987 -0.627609 -0.0266532 -0.778072
0.192 -0.00215263 -0.966354 0.410584 0.105512 0.987253 -0.119159 0.771711 -0.156865 -0.616324 -0.62716 -0.026927 -0.778425
0.193 -0.00214642 -0.966108 0.410401 0.10664 0.986994 -0.120292 0.771923 -0.158437 -0.615656 -0.626708 -0.0272022 -0.778779
0.194 -0.00214025 -0.965862 0.410217 0.107774 0.986732 -0.121427 0.772135 -0.160015 -0.614982 -0.626253 -0.0274788 -0.779135
0.195 -0.00213411 -0.965614 0.410032 0.108915 0.986466 -0.122566 0.772345 -0.1616 -0.614303 -0.625796 -0.0277568 -0.779493
0.196 -0.00212801 -0.965365 0.409846 0.110061 0.986196 -0.123709 0.772556 -0.163191 -0.613618 -0.625335 -0.0280364 -0.779852
0.197 -0.00212193 -0.965116 0.409658 0.111214 0.985922 -0.124854 0.772765 -0.164788 -0.612926 -0.624872 -0.0283173 -0.780213
0.198 -0.00211589 -0.964865 0.409468 0.112372 0.985645 -0.126003 0.772975 -0.166392 -0.612228 -0.624406 -0.0285998 -0.780576
0.199 -0.00210988 -0.964613 0.409277 0.113537 0.985363 -0.127155 0.773184 -0.168002 -0.611524 -0.623936 -0.0288838 -0.780941
0.2 -0.0021039 -0.96436 0.409084 0.114708 0.985078 -0.128311 0.773392 -0.169619 -0.610814 -0.623463 -0.0291694 -0.781308
0.201 -0.00209795 -0.964105 0.40889 0.115884 0.984789 -0.129469 0.7736 -0.171242 -0.610097 -0.622987 -0.0294565 -0.781677
0.202 -0.00209203 -0.96385 0.408693 0.117067 0.984495 -0.13063 0.773808 -0.172871 -0.609374 -0.622508 -0.0297453 -0.782048
0.203 -0.00208614 -0.963593 0.408495 0.118256 0.984198 -0.131795 0.774016 -0.174506 -0.608643 -0.622025 -0.0300356 -0.782421
0.204 -0.00208027 -0.963336 0.408295 0.119451 0.983896 -0.132963 0.774223 -0.176147 -0.607906 -0.621538 -0.0303276 -0.782797
0.205 -0.00207442 -0.963077 0.408093 0.120652 0.983591 -0.134133 0.774431 -0.177795 -0.607162 -0.621048 -0.0306212 -0.783174
0.206 -0.00206859 -0.962817 0.407888 0.12186 0.983281 -0.135307 0.774638 -0.179449 -0.606411 -0.620554 -0.0309165 -0.783554
0.207 -0.00206278 -0.962556 0.407682 0.123073 0.982968 -0.136483 0.774844 -0.181109 -0.605653 -0.620056 -0.0312135 -0.783937
0.208 -0.00205699 -0.962293 0.407473 0.124292 0.98265 -0.137662 0.775051 -0.182774 -0.604888 -0.619554 -0.0315123 -0.784321
0.209 -0.00205121 -0.96203 0.407262 0.125518 0.982328 -0.138844 0.775258 -0.184446 -0.604115 -0.619048 -0.0318128 -0.784708
0.21 -0.00204543 -0.961765 0.407049 0.12675 0.982001 -0.140029 0.775464 -0.186124 -0.603335 -0.618538 -0.032115 -0.785098
0.211 -0.00203967 -0.961499 0.406833 0.127987 0.981671 -0.141216 0.775671 -0.187808 -0.602547 -0.618025 -0.0324191 -0.78549
0.212 -0.0020339 -0.961232 0.406615 0.129231 0.981336 -0.142407 0.775877 -0.189498 -0.601752 -0.617507 -0.032725 -0.785885
0.213 -0.00202814 -0.960963 0.406394 0.130481 0.980996 -0.143599 0.776083 -0.191193 -0.600949 -0.616984 -0.0330327 -0.786282
0.214 -0.00202237 -0.960694 0.406171 0.131737 0.980653 -0.144795 0.776289 -0.192895 -0.600139 -0.616458 -0.0333423 -0.786682
0.215 -0.00201659 -0.960423 0.405946 0.132999 0.980305 -0.145993 0.776495 -0.194602 -0.59932 -0.615927 -0.0336538 -0.787084
0.216 -0.0020108 -0.960151 0.405718 0.134267 0.979952 -0.147193 0.776702 -0.196315 -0.598494 -0.615392 -0.0339672 -0.787489
0.217 -0.002005 -0.959877 0.405487 0.135541 0.979596 -0.148396 0.776908 -0.198034 -0.59766 -0.614852 -0.0342825 -0.787897
0.218 -0.00199918 -0.959603 0.405254 0.136821 0.979234 -0.149601 0.777113 -0.199758 -0.596818 -0.614308 -0.0345997 -0.788307
0.219 -0.00199333 -0.959327 0.405018 0.138107 0.978868 -0.150808 0.777319 -0.201488 -0.595968 -0.61376 -0.034919 -0.78872
0.22 -0.00198746 -0.95905 0.404779 0.139399 0.978498 -0.152018 0.777525 -0.203224 -0.595109 -0.613207 -0.0352402 -0.789136
0.221 -0.00198156 -0.958772 0.404537 0.140698 0.978123 -0.15323 0.777731 -0.204965 -0.594243 -0.612649 -0.0355634 -0.789554
0.222 -0.00197562 -0.958492 0.404293 0.142002 0.977743 -0.154445 0.777936 -0.206712 -0.593368 -0.612087 -0.0358886 -0.789975
0.223 -0.00196964 -0.958212 0.404046 0.143312 0.977359 -0.155661 0.778142 -0.208464 -0.592485 -0.611521 -0.0362159 -0.790399
0.224 -0.00196362 -0.95793 0.403797 0.144629 0.976971 -0.15688 0.778347 -0.210221 -0.591594 -0.610949 -0.0365453 -0.790826
0.225 -0.00195756 -0.957646 0.403544 0.145951 0.976577 -0.1581 0.778552 -0.211984 -0.590694 -0.610373 -0.0368767 -0.791255
0.226 -0.00195145 -0.957362 0.403289 0.147279 0.976179 -0.159323 0.778756 -0.213753 -0.589786 -0.609793 -0.0372103 -0.791687
0.227 -0.00194528 -0.957076 0.403031 0.148614 0.975776 -0.160547 0.778961 -0.215527 -0.58887 -0.609208 -0.0375459 -0.792121
0.228 -0.00193905 -0.956789 0.40277 0.149954 0.975368 -0.161774 0.779165 -0.217306 -0.587946 -0.608618 -0.0378837 -0.792559
0.229 -0.00193276 -0.956501 0.402507 0.1513 0.974956 -0.163002 0.779369 -0.21909 -0.587012 -0.608023 -0.0382236 -0.792999
0.23 -0.00192641 -0.956211 0.40224 0.152653 0.974538 -0.164232 0.779572 -0.220879 -0.586071 -0.607424 -0.0385657 -0.793441
0.231 -0.00191999 -0.955921 0.401971 0.154011 0.974116 -0.165464 0.779776 -0.222674 -0.585121 -0.60682 -0.03891 -0.793886
0.232 -0.0019135 -0.955629 0.401699 0.155375 0.973689 -0.166698 0.779978 -0.224474 -0.584162 -0.606212 -0.0392564 -0.794334
0.233 -0.00190693 -0.955335 0.401425 0.156745 0.973257 -0.167933 0.78018 -0.226278 -0.583195 -0.605599 -0.0396051 -0.794784
0.234 -0.00190028 -0.955041 0.401148 0.158121 0.97282 -0.16917 0.780382 -0.228088 -0.58222 -0.604981 -0.0399559 -0.795237
0.235 -0.00189355 -0.954745 0.400868 0.159503 0.972378 -0.170408 0.780583 -0.229903 -0.581236 -0.604359 -0.040309 -0.795692
0.236 -0.00188673 -0.954448 0.400585 0.160891 0.971932 -0.171648 0.780783 -0.231723 -0.580244 -0.603732 -0.0406643 -0.796149
0.237 -0.00187983 -0.95415 0.4003 0.162284 0.97148 -0.17289 0.780982 -0.233547 -0.579243 -0.603101 -0.0410218 -0.796609
0.238 -0.00187284 -0.953851 0.400012 0.163684 0.971023 -0.174133 0.781181 -0.235377 -0.578234 -0.602465 -0.0413816 -0.797072
0.239 -0.00186575 -0.953551 0.399721 0.165089 0.970561 -0.175377 0.781379 -0.237211 -0.577216 -0.601825 -0.0417436 -0.797537
0.24 -0.00185856 -0.953249 0.399428 0.166501 0.970094 -0.176622 0.781576 -0.23905 -0.57619 -0.60118 -0.0421078 -0.798004
0.241 -0.00185128 -0.952946 0.399132 0.167918 0.969622 -0.177869 0.781771 -0.240894 -0.575155 -0.600531 -0.0424743 -0.798473
0.242 -0.0018439 -0.952642 0.398834 0.169341 0.969144 -0.179117 0.781966 -0.242742 -0.574112 -0.599877 -0.0428431 -0.798944
0.243 -0.00183641 -0.952337 0.398533 0.170769 0.968662 -0.180366 0.78216 -0.244595 -0.573061 -0.599219 -0.0432141 -0.799418
0.244 -0.00182881 -0.95203 0.39823 0.172204 0.968174 -0.181617 0.782352 -0.246452 -0.572002 -0.598557 -0.0435874 -0.799893
0.245 -0.00182111 -0.951723 0.397925 0.173644 0.967681 -0.182868 0.782544 -0.248315 -0.570934 -0.597891 -0.0439629 -0.800371
0.246 -0.0018133 -0.951414 0.397617 0.17509 0.967183 -0.18412 0.782733 -0.250181 -0.569858 -0.59722 -0.0443407 -0.800851
0.247 -0.00180538 -0.951104 0.397307 0.176542 0.96668 -0.185373 0.782922 -0.252052 -0.568774 -0.596546 -0.0447207 -0.801332
0.248 -0.00179734 -0.950793 0.396995 0.177999 0.966171 -0.186627 0.783109 -0.253927 -0.567681 -0.595867 -0.0451029 -0.801816
0.249 -0.0017892 -0.950481 0.39668 0.179462 0.965657 -0.187882 0.783294 -0.255807 -0.56658 -0.595184 -0.0454874 -0.802301
0.25 -0.00178093 -0.950168 0.396363 0.180931 0.965138 -0.189138 0.783477 -0.257691 -0.565472 -0.594497 -0.0458742 -0.802788
0.251 -0.00177255 -0.949853 0.396045 0.182405 0.964613 -0.190395 0.783659 -0.259579 -0.564355 -0.593807 -0.0462631 -0.803277
0.252 -0.00176405 -0.949538 0.395724 0.183885 0.964083 -0.191652 0.783839 -0.261472 -0.56323 -0.593112 -0.0466543 -0.803767
0.253 -0.00175544 -0.949221 0.395401 0.185371 0.963547 -0.192909 0.784017 -0.263369 -0.562098 -0.592414 -0.0470476 -0.804259
0.254 -0.0017467 -0.948904 0.395076 0.186863 0.963006 -0.194168 0.784193 -0.265269 -0.560957 -0.591712 -0.0474432 -0.804752
0.255 -0.00173785 -0.948585 0.39475 0.18836 0.96246 -0.195427 0.784367 -0.267174 -0.559809 -0.591007 -0.0478409 -0.805247
0.256 -0.00172887 -0.948266 0.394421 0.189862 0.961908 -0.196686 0.784539 -0.269083 -0.558653 -0.590297 -0.0482407 -0.805743
0.257 -0.00171978 -0.947945 0.394091 0.19137 0.961351 -0.197946 0.784708 -0.270996 -0.557489 -0.589585 -0.0486427 -0.80624
0.258 -0.00171056 -0.947623 0.393759 0.192884 0.960788 -0.199206 0.784875 -0.272913 -0.556317 -0.588869 -0.0490469 -0.806739
0.259 -0.00170122 -0.947301 0.393425 0.194403 0.960219 -0.200466 0.78504 -0.274834 -0.555138 -0.588149 -0.0494531 -0.807239
0.26 -0.00169177 -0.946977 0.39309 0.195928 0.959645 -0.201726 0.785202 -0.276758 -0.553952 -0.587427 -0.0498614 -0.80774
0.261 -0.00168219 -0.946652 0.392753 0.197458 0.959065 -0.202987 0.785362 -0.278687 -0.552758 -0.586701 -0.0502718 -0.808242
0.262 -0.00167249 -0.946327 0.392415 0.198994 0.95848 -0.204248 0.785518 -0.280619 -0.551556 -0.585971 -0.0506843 -0.808745
0.263 -0.00166267 -0.946 0.392076 0.200535 0.957889 -0.205509 0.785672 -0.282555 -0.550347 -0.585239 -0.0510987 -0.809249
0.264 -0.00165273 -0.945673 0.391735 0.202082 0.957293 -0.20677 0.785823 -0.284494 -0.549131 -0.584504 -0.0515152 -0.809754
0.265 -0.00164267 -0.945345 0.391392 0.203634 0.95669 -0.208031 0.785971 -0.286437 -0.547908 -0.583766 -0.0519336 -0.810259
0.266 -0.0016325 -0.945015 0.391049 0.205191 0.956082 -0.209291 0.786116 -0.288384 -0.546677 -0.583025 -0.052354 -0.810766
0.267 -0.0016222 -0.944685 0.390704 0.206754 0.955469 -0.210552 0.786258 -0.290334 -0.54544 -0.582281 -0.0527763 -0.811273
0.268 -0.00161179 -0.944354 0.390359 0.208322 0.954849 -0.211812 0.786396 -0.292288 -0.544195 -0.581535 -0.0532005 -0.81178
0.269 -0.00160126 -0.944022 0.390012 0.209896 0.954224 -0.213073 0.786531 -0.294245 -0.542944 -0.580786 -0.0536266 -0.812288
0.27 -0.00159062 -0.94369 0.389664 0.211475 0.953593 -0.214332 0.786663 -0.296206 -0.541685 -0.580034 -0.0540545 -0.812797
0.271 -0.00157986 -0.943356 0.389315 0.213059 0.952956 -0.215592 0.786791 -0.29817 -0.54042 -0.57928 -0.0544842 -0.813306
0.272 -0.00156898 -0.943022 0.388966 0.214649 0.952314 -0.216851 0.786916 -0.300137 -0.539148 -0.578523 -0.0549157 -0.813815
0.273 -0.001558 -0.942687 0.388615 0.216244 0.951666 -0.218109 0.787037 -0.302108 -0.53787 -0.577764 -0.055349 -0.814325
0.274 -0.0015469 -0.942351 0.388264 0.217844 0.951011 -0.219367 0.787154 -0.304082 -0.536584 -0.577003 -0.055784 -0.814835
0.275 -0.00153569 -0.942014 0.387913 0.219449 0.950351 -0.220624 0.787267 -0.306059 -0.535293 -0.57624 -0.0562206 -0.815345
0.276 -0.00152437 -0.941677 0.38756 0.22106 0.949685 -0.221881 0.787377 -0.308039 -0.533994 -0.575474 -0.0566589 -0.815855
0.277 -0.00151295 -0.941338 0.387207 0.222675 0.949013 -0.223136 0.787482 -0.310022 -0.53269 -0.574707 -0.0570989 -0.816365
0.278 -0.00150141 -0.940999 0.386853 0.224297 0.948335 -0.224391 0.787583 -0.312009 -0.531379 -0.573937 -0.0575404 -0.816875
0.279 -0.00148977 -0.94066 0.386499 0.225923 0.947651 -0.225645 0.78768 -0.313998 -0.530061 -0.573166 -0.0579835 -0.817386
0.28 -0.00147802 -0.940319 0.386145 0.227554 0.946962 -0.226899 0.787773 -0.315991 -0.528738 -0.572392 -0.0584282 -0.817896
0.281 -0.00146617 -0.939978 0.38579 0.229191 0.946266 -0.228151 0.787861 -0.317986 -0.527408 -0.571617 -0.0588743 -0.818406
0.282 -0.00145422 -0.939637 0.385435 0.230832 0.945564 -0.229402 0.787946 -0.319984 -0.526072 -0.57084 -0.0593219 -0.818916
0.283 -0.00144216 -0.939294 0.385079 0.232479 0.944856 -0.230652 0.788025 -0.321985 -0.52473 -0.570061 -0.0597709 -0.819425
0.284 -0.00143001 -0.938952 0.384723 0.234131 0.944142 -0.231901 0.7881 -0.323989 -0.523383 -0.569281 -0.0602213 -0.819935
0.285 -0.00141775 -0.938608 0.384367 0.235788 0.943422 -0.233149 0.788171 -0.325995 -0.522029 -0.568499 -0.0606731 -0.820444
0.286 -0.0014054 -0.938264 0.384011 0.23745 0.942696 -0.234395 0.788236 -0.328005 -0.520669 -0.567716 -0.0611263 -0.820952
0.287 -0.00139295 -0.937919 0.383655 0.239116 0.941964 -0.23564 0.788298 -0.330016 -0.519304 -0.566931 -0.0615807 -0.821461
0.288 -0.0013804 -0.937574 0.383299 0.240788 0.941226 -0.236884 0.788354 -0.332031 -0.517932 -0.566144 -0.0620364 -0.821968
0.289 -0.00136775 -0.937228 0.382942 0.242465 0.940482 -0.238126 0.788405 -0.334048 -0.516555 -0.565356 -0.0624933 -0.822476
0.29 -0.00135501 -0.936881 0.382586 0.244147 0.939732 -0.239367 0.788452 -0.336068 -0.515172 -0.564567 -0.0629514 -0.822983
0.291 -0.00134218 -0.936534 0.38223 0.245834 0.938975 -0.240606 0.788493 -0.33809 -0.513784 -0.563777 -0.0634107 -0.823489
0.292 -0.00132925 -0.936186 0.381873 0.247526 0.938212 -0.241844 0.788529 -0.340115 -0.51239 -0.562985 -0.0638712 -0.823995
0.293 -0.00131624 -0.935838 0.381517 0.249222 0.937444 -0.24308 0.788561 -0.342142 -0.510991 -0.562192 -0.0643327 -0.8245
0.294 -0.00130313 -0.935489 0.381161 0.250924 0.936669 -0.244314 0.788587 -0.344171 -0.509585 -0.561398 -0.0647954 -0.825005
0.295 -0.00128993 -0.93514 0.380805 0.25263 0.935887 -0.245546 0.788608 -0.346203 -0.508175 -0.560603 -0.0652591 -0.825509
0.296 -0.00127664 -0.934791 0.380449 0.254342 0.9351 -0.246777 0.788623 -0.348236 -0.506759 -0.559807 -0.0657238 -0.826013
0.297 -0.00126326 -0.93444 0.380094 0.256058 0.934306 -0.248005 0.788634 -0.350273 -0.505338 -0.559009 -0.0661896 -0.826515
0.298 -0.00124979 -0.93409 0.379738 0.257778 0.933506 -0.249232 0.788639 -0.352311 -0.503911 -0.558211 -0.0666563 -0.827017
0.299 -0.00123623 -0.933739 0.379383 0.259504 0.9327 -0.250456 0.788638 -0.354351 -0.502479 -0.557411 -0.067124 -0.827519
0.3 -0.00122259 -0.933387 0.379028 0.261234 0.931888 -0.251678 0.788632 -0.356394 -0.501041 -0.556611 -0.0675926 -0.828019
0.301 -0.00120885 -0.933035 0.378673 0.262969 0.931069 -0.252899 0.788621 -0.358439 -0.499599 -0.555809 -0.0680621 -0.828519
0.302 -0.00119503 -0.932683 0.378319 0.264709 0.930244 -0.254117 0.788604 -0.360485 -0.498151 -0.555007 -0.0685325 -0.829018
0.303 -0.00118113 -0.93233 0.377965 0.266454 0.929413 -0.255332 0.788582 -0.362534 -0.496697 -0.554203 -0.0690038 -0.829516
0.304 -0.00116713 -0.931977 0.377611 0.268203 0.928575 -0.256546 0.788554 -0.364584 -0.495239 -0.553399 -0.0694759 -0.830014
0.305 -0.00115305 -0.931623 0.377257 0.269956 0.927731 -0.257757 0.78852 -0.366636 -0.493775 -0.552594 -0.0699488 -0.83051
0.306 -0.00113888 -0.931269 0.376904 0.271715 0.926881 -0.258965 0.788481 -0.36869 -0.492306 -0.551787 -0.0704225 -0.831006
0.307 -0.00112463 -0.930914 0.376551 0.273477 0.926024 -0.260172 0.788436 -0.370746 -0.490832 -0.55098 -0.0708971 -0.831501
0.308 -0.00111029 -0.930559 0.376198 0.275245 0.925161 -0.261375 0.788385 -0.372804 -0.489353 -0.550172 -0.0713723 -0.831996
0.309 -0.00109586 -0.930204 0.375846 0.277017 0.924292 -0.262576 0.788329 -0.374863 -0.487868 -0.549363 -0.0718484 -0.832489
0.31 -0.00108135 -0.929848 0.375494 0.278793 0.923416 -0.263774 0.788267 -0.376924 -0.486379 -0.548553 -0.0723252 -0.832982
0.311 -0.00106675 -0.929492 0.375142 0.280574 0.922534 -0.26497 0.788199 -0.378986 -0.484884 -0.547742 -0.0728027 -0.833474
0.312 -0.00105206 -0.929136 0.374791 0.28236 0.921646 -0.266162 0.788125 -0.38105 -0.483384 -0.54693 -0.073281 -0.833965
0.313 -0.00103728 -0.928779 0.374439 0.284149 0.920751 -0.267352 0.788045 -0.383116 -0.481879 -0.546117 -0.0737599 -0.834455
0.314 -0.00102242 -0.928422 0.374088 0.285944 0.919849 -0.268539 0.78796 -0.385182 -0.480369 -0.545303 -0.0742396 -0.834945
0.315 -0.00100747 -0.928064 0.373738 0.287742 0.918942 -0.269723 0.787868 -0.387251 -0.478853 -0.544489 -0.07472 -0.835433
0.316 -0.000992432 -0.927706 0.373387 0.289545 0.918028 -0.270904 0.787771 -0.38932 -0.477333 -0.543673 -0.075201 -0.835921
